{
 "cells": [
  {
   "cell_type": "markdown",
   "metadata": {},
   "source": [
    "# Assignment 1: Numpy"
   ]
  },
  {
   "cell_type": "markdown",
   "metadata": {},
   "source": [
    "Perform the follwing tasks:\n"
   ]
  },
  {
   "cell_type": "code",
   "execution_count": 23,
   "metadata": {},
   "outputs": [],
   "source": [
    "#3.1: import the numpy library\n",
    "import numpy as np"
   ]
  },
  {
   "cell_type": "code",
   "execution_count": 24,
   "metadata": {},
   "outputs": [
    {
     "data": {
      "text/plain": [
       "array([[0.55035099, 0.70201496, 0.79624998, 0.69618457, 0.99079543,\n",
       "        0.33842589, 0.88100139, 0.83628822, 0.49282676, 0.50361817],\n",
       "       [0.56186423, 0.16267392, 0.1930869 , 0.3515878 , 0.80525464,\n",
       "        0.69078204, 0.86835376, 0.84578396, 0.55118809, 0.77686987],\n",
       "       [0.76672488, 0.44604694, 0.59647657, 0.72090723, 0.94973275,\n",
       "        0.11662575, 0.4730085 , 0.61148607, 0.15291565, 0.62383657],\n",
       "       [0.60787574, 0.53145348, 0.17695065, 0.20090521, 0.2087258 ,\n",
       "        0.6968033 , 0.0773585 , 0.38754129, 0.08990656, 0.59541019],\n",
       "       [0.75929643, 0.94377496, 0.86735007, 0.91659878, 0.02334622,\n",
       "        0.38304245, 0.49847073, 0.88828579, 0.54626606, 0.1237689 ],\n",
       "       [0.12463516, 0.95746117, 0.86474442, 0.27160253, 0.81417336,\n",
       "        0.21751297, 0.58414467, 0.03208897, 0.34297242, 0.60984008],\n",
       "       [0.67323104, 0.88805401, 0.45908071, 0.41942544, 0.34508768,\n",
       "        0.69619121, 0.91377181, 0.50191223, 0.16739155, 0.48430746],\n",
       "       [0.92516548, 0.66720421, 0.62043391, 0.79746304, 0.94839175,\n",
       "        0.2770716 , 0.67845038, 0.35133119, 0.98002824, 0.83332492],\n",
       "       [0.07096893, 0.75338802, 0.92337346, 0.56460137, 0.52170682,\n",
       "        0.18737117, 0.0183058 , 0.91415836, 0.60773402, 0.71173253],\n",
       "       [0.69588345, 0.6770072 , 0.08385867, 0.0192801 , 0.53541081,\n",
       "        0.63404009, 0.34513158, 0.79354081, 0.73841018, 0.80314007]])"
      ]
     },
     "execution_count": 24,
     "metadata": {},
     "output_type": "execute_result"
    }
   ],
   "source": [
    "#3.2: create a random 10x10 array named A\n",
    "A = np.random.rand(10,10)\n",
    "A"
   ]
  },
  {
   "cell_type": "code",
   "execution_count": 25,
   "metadata": {},
   "outputs": [
    {
     "data": {
      "text/plain": [
       "array([[0.55035099, 0.70201496, 0.79624998, 0.69618457, 0.99079543,\n",
       "        0.33842589, 0.88100139, 0.83628822, 0.49282676, 0.50361817],\n",
       "       [0.76672488, 0.44604694, 0.59647657, 0.72090723, 0.94973275,\n",
       "        0.11662575, 0.4730085 , 0.61148607, 0.15291565, 0.62383657],\n",
       "       [0.75929643, 0.94377496, 0.86735007, 0.91659878, 0.02334622,\n",
       "        0.38304245, 0.49847073, 0.88828579, 0.54626606, 0.1237689 ],\n",
       "       [0.67323104, 0.88805401, 0.45908071, 0.41942544, 0.34508768,\n",
       "        0.69619121, 0.91377181, 0.50191223, 0.16739155, 0.48430746],\n",
       "       [0.07096893, 0.75338802, 0.92337346, 0.56460137, 0.52170682,\n",
       "        0.18737117, 0.0183058 , 0.91415836, 0.60773402, 0.71173253]])"
      ]
     },
     "execution_count": 25,
     "metadata": {},
     "output_type": "execute_result"
    }
   ],
   "source": [
    "#3.3: return only the odd rows of A\n",
    "A[0:10:2] #lower:upper:step"
   ]
  },
  {
   "cell_type": "code",
   "execution_count": 26,
   "metadata": {},
   "outputs": [
    {
     "data": {
      "text/plain": [
       "array([[4.98265677, 3.9887847 , 4.01002451, 2.16743512, 4.07549903,\n",
       "        3.51629505, 3.78018012, 4.85437701, 3.71514266, 3.41957692],\n",
       "       [3.9887847 , 4.00538947, 3.21417811, 2.08927896, 2.93468093,\n",
       "        2.49130914, 3.20412945, 4.05747313, 2.76574494, 3.39501824],\n",
       "       [4.01002451, 3.21417811, 3.58811783, 1.89176062, 3.18782083,\n",
       "        2.76166198, 2.96428905, 4.09042248, 2.97018099, 2.74432157],\n",
       "       [2.16743512, 2.08927896, 1.89176062, 1.77150052, 2.07815073,\n",
       "        1.56525977, 2.17244756, 2.3509129 , 1.79391068, 2.23389048],\n",
       "       [4.07549903, 2.93468093, 3.18782083, 2.07815073, 4.55820832,\n",
       "        2.68209078, 3.4593734 , 4.01829009, 3.40850076, 2.89279648],\n",
       "       [3.51629505, 2.49130914, 2.76166198, 1.56525977, 2.68209078,\n",
       "        3.29579651, 2.78012337, 3.5915666 , 2.83003633, 2.35663366],\n",
       "       [3.78018012, 3.20412945, 2.96428905, 2.17244756, 3.4593734 ,\n",
       "        2.78012337, 3.58178893, 3.71876232, 2.61000113, 2.96870027],\n",
       "       [4.85437701, 4.05747313, 4.09042248, 2.3509129 , 4.01829009,\n",
       "        3.5915666 , 3.71876232, 5.53680804, 3.66045314, 3.75225677],\n",
       "       [3.71514266, 2.76574494, 2.97018099, 1.79391068, 3.40850076,\n",
       "        2.83003633, 2.61000113, 3.66045314, 3.76323376, 2.79799973],\n",
       "       [3.41957692, 3.39501824, 2.74432157, 2.23389048, 2.89279648,\n",
       "        2.35663366, 2.96870027, 3.75225677, 2.79799973, 3.57777448]])"
      ]
     },
     "execution_count": 26,
     "metadata": {},
     "output_type": "execute_result"
    }
   ],
   "source": [
    "#3.4: perform a matrix multiplication of A with it's transposed\n",
    "\n",
    "np.dot(A, A.T)  # .T um die Matrix A zu tranponieren\n",
    "\n"
   ]
  },
  {
   "cell_type": "code",
   "execution_count": 27,
   "metadata": {},
   "outputs": [
    {
     "data": {
      "text/plain": [
       "array([[-3.77323389e+00,  2.37376961e+00,  2.67751258e+00,\n",
       "        -6.45536153e-01,  3.32077193e+00,  3.11030537e+00,\n",
       "        -2.93070521e+00, -1.66305985e+00, -2.41788121e+00,\n",
       "         1.23080245e+00],\n",
       "       [ 3.74544457e+00, -3.91342984e+00, -1.78693843e+00,\n",
       "         3.85067597e-01, -3.05694500e+00, -3.08314330e+00,\n",
       "         3.35850993e+00,  1.57660172e+00,  1.68052253e+00,\n",
       "         2.01160119e-01],\n",
       "       [-6.09719349e+00,  5.26085867e+00,  3.10095912e+00,\n",
       "        -7.68504443e-01,  5.59601256e+00,  6.28377931e+00,\n",
       "        -5.42613723e+00, -3.28540022e+00, -2.89757720e+00,\n",
       "         5.10558908e-01],\n",
       "       [ 5.14314808e+00, -3.91878507e+00, -2.93295632e+00,\n",
       "         1.58673548e+00, -4.31250749e+00, -5.31096633e+00,\n",
       "         4.19403151e+00,  3.31347318e+00,  2.88395828e+00,\n",
       "        -2.15813273e+00],\n",
       "       [ 4.18953123e+00, -1.87208202e+00, -1.34859594e+00,\n",
       "         1.67264103e+00, -1.74602410e+00, -1.28023728e+00,\n",
       "        -3.58634966e-01,  6.58401973e-01, -8.09232702e-02,\n",
       "        -1.62733687e-01],\n",
       "       [ 2.59371348e+00,  4.11258493e-02, -2.15292862e+00,\n",
       "         2.87352108e+00, -2.60963632e-01, -2.35430967e-01,\n",
       "        -1.15556548e+00,  2.71548058e-01, -4.48223354e-01,\n",
       "        -1.09294509e+00],\n",
       "       [-1.79450833e+00,  1.15774297e+00,  7.20735517e-01,\n",
       "        -1.82944968e+00,  4.78952206e-01,  6.42546830e-01,\n",
       "         1.05297157e+00, -3.45033150e-01, -1.62703667e-01,\n",
       "         1.07350137e-01],\n",
       "       [-3.23224017e-03,  1.06612206e-01,  5.88322828e-01,\n",
       "        -7.54257233e-01,  1.62588510e-01, -4.33078847e-01,\n",
       "         1.86137852e-01, -8.17136236e-01,  3.91360370e-01,\n",
       "         6.93668186e-01],\n",
       "       [ 3.15150054e-01,  2.37890318e-01, -1.04709468e+00,\n",
       "        -5.53532456e-02,  4.45793139e-01,  1.85676113e-01,\n",
       "        -9.40615229e-01,  6.51664648e-01, -2.25289258e-01,\n",
       "         3.07648638e-01],\n",
       "       [-3.73068430e+00,  1.18081675e+00,  1.60334844e+00,\n",
       "        -1.52438139e+00, -1.87543629e-01,  3.95783678e-01,\n",
       "         1.55388980e+00,  7.86654829e-02,  1.20986372e+00,\n",
       "        -3.54385642e-02]])"
      ]
     },
     "execution_count": 27,
     "metadata": {},
     "output_type": "execute_result"
    }
   ],
   "source": [
    "#3.5: compute the matrix inverse of A\n",
    "A_inv=np.linalg.inv(A)\n",
    "A_inv"
   ]
  },
  {
   "cell_type": "code",
   "execution_count": 34,
   "metadata": {},
   "outputs": [
    {
     "data": {
      "text/plain": [
       "array([[0.27517549, 0.35100748, 0.39812499, 0.34809228, 0.49539771,\n",
       "        0.33842589, 0.44050069, 0.41814411, 0.49282676, 0.25180908],\n",
       "       [0.28093211, 0.16267392, 0.1930869 , 0.3515878 , 0.40262732,\n",
       "        0.34539102, 0.43417688, 0.42289198, 0.27559404, 0.38843493],\n",
       "       [0.38336244, 0.44604694, 0.29823829, 0.36045361, 0.47486637,\n",
       "        0.11662575, 0.4730085 , 0.30574303, 0.15291565, 0.31191829],\n",
       "       [0.30393787, 0.26572674, 0.17695065, 0.20090521, 0.2087258 ,\n",
       "        0.34840165, 0.0773585 , 0.38754129, 0.08990656, 0.29770509],\n",
       "       [0.37964822, 0.47188748, 0.43367503, 0.45829939, 0.02334622,\n",
       "        0.38304245, 0.49847073, 0.44414289, 0.27313303, 0.1237689 ],\n",
       "       [0.12463516, 0.47873059, 0.43237221, 0.27160253, 0.40708668,\n",
       "        0.21751297, 0.29207233, 0.03208897, 0.34297242, 0.30492004],\n",
       "       [0.33661552, 0.44402701, 0.45908071, 0.41942544, 0.34508768,\n",
       "        0.3480956 , 0.45688591, 0.25095612, 0.16739155, 0.48430746],\n",
       "       [0.46258274, 0.3336021 , 0.31021696, 0.39873152, 0.47419588,\n",
       "        0.2770716 , 0.33922519, 0.35133119, 0.49001412, 0.41666246],\n",
       "       [0.07096893, 0.37669401, 0.46168673, 0.28230068, 0.26085341,\n",
       "        0.18737117, 0.0183058 , 0.45707918, 0.30386701, 0.35586626],\n",
       "       [0.34794173, 0.3385036 , 0.08385867, 0.0192801 , 0.26770541,\n",
       "        0.31702004, 0.34513158, 0.39677041, 0.36920509, 0.40157003]])"
      ]
     },
     "execution_count": 34,
     "metadata": {},
     "output_type": "execute_result"
    }
   ],
   "source": [
    "#3.6: divide all entries of A which are lager than 0.5 by 2 (hint: use where() )\n",
    "mask=A>0.5\n",
    "mask\n",
    "A[mask]/=2\n",
    "A"
   ]
  },
  {
   "cell_type": "code",
   "execution_count": null,
   "metadata": {},
   "outputs": [],
   "source": []
  }
 ],
 "metadata": {
  "kernelspec": {
   "display_name": "Python 3",
   "language": "python",
   "name": "python3"
  },
  "language_info": {
   "codemirror_mode": {
    "name": "ipython",
    "version": 3
   },
   "file_extension": ".py",
   "mimetype": "text/x-python",
   "name": "python",
   "nbconvert_exporter": "python",
   "pygments_lexer": "ipython3",
   "version": "3.8.3"
  }
 },
 "nbformat": 4,
 "nbformat_minor": 4
}
